0.3333333333333333
0.3333333333333333
0.2916666666666667
0.2916666666666667
0.28125
0.3125
0.3229166666666667
0.3125
0.3333333333333333
0.3229166666666667
0.3333333333333333
0.3229166666666667
0.3333333333333333
0.3854166666666667
0.3958333333333333
0.41666666666666663
0.375
0.3958333333333333
0.3854166666666667
0.36458333333333337
0.3229166666666667
0.3229166666666667
0.34375
0.34375
0.3229166666666667
0.3125
0.3229166666666667
0.3020833333333333
0.35416666666666663
0.35416666666666663
0.3854166666666667
0.3958333333333333
0.41666666666666663
0.40625
0.36458333333333337
0.3125
0.3229166666666667
0.2604166666666667
0.20833333333333331
0.20833333333333331
0.1875
0.1875
0.375
0.41666666666666663
0.5520833333333333
0.7083333333333333
0.7291666666666667
0.7708333333333334
0.13125
0.14166666666666666
0.1375
0.11875
0.11770833333333333
0.121875
0.1375
0.13854166666666667
0.13125
0.11666666666666667
0.11770833333333333
0.11354166666666668
0.10833333333333335
0.12604166666666666
0.128125
0.115625
0.5625
0.5625
0.6458333333333334
0.65625
0.8125
0.59375
0.5729166666666666
0.6458333333333334
0.10416666666666667
0.10833333333333335
0.9791666666666666
0.8854166666666667
0.84375
0.8125
0.9375
0.96875
0.9375
0.8645833333333333
0.90625
0.8958333333333334
0.7604166666666666
0.90625
0.8645833333333333
0.7395833333333334
0.25
0.25
0.2604166666666667
0.3125
0.3020833333333333
0.28125
0.28125
0.2916666666666667
0.3229166666666667
0.3020833333333333
0.28125
0.23958333333333334
0.2916666666666667
0.27083333333333337
0.22916666666666666
0.22916666666666666
0.23958333333333334
0.16666666666666666
0.19791666666666666
0.14583333333333334
0.14583333333333334
0.11458333333333333
0.125
0.15625
0.17708333333333331
0.11458333333333333
0.10416666666666666
0.7291666666666667
0.8333333333333333
0.11458333333333333
0.9375
0.11458333333333333
0.13541666666666669
0.13541666666666669
0.13541666666666669
0.125
0.125
0.10416666666666666
0.13541666666666669
0.13541666666666669
0.17708333333333331
0.15625
0.11458333333333333
0.9375
0.20833333333333331
0.7291666666666667
0.7291666666666667
0.3125
0.3125
0.20833333333333331
0.10416666666666666
0.3125
0.10416666666666666
0.10416666666666666
0.10416666666666666
0.10416666666666666
0.20833333333333331
0.20833333333333331
0.41666666666666663
0.20833333333333331
0.10416666666666666
0.20833333333333331
0.10416666666666666
0.3125
0.41666666666666663
0.10416666666666666
0.10416666666666666
0.10416666666666666
0.20833333333333331
0.10416666666666666
0.10416666666666666
0.10416666666666666
0.20833333333333331
0.10416666666666666
0.10416666666666666
0.10416666666666666
0.20833333333333331
0.625
0.5208333333333333
0.9375
0.11458333333333333
0.5208333333333333
0.20833333333333331
0.10416666666666666
0.10416666666666666
0.20833333333333331
0.41666666666666663
0.10416666666666666
0.41666666666666663
0.41666666666666663
0.41666666666666663
0.625
0.7291666666666667
0.3125
0.10416666666666666
0.10416666666666666
0.10416666666666666
0.3125
0.41666666666666663
0.10416666666666666
0.41666666666666663
0.10416666666666666
0.20833333333333331
0.41666666666666663
0.20833333333333331
0.10416666666666666
0.20833333333333331
0.10416666666666666
0.20833333333333331
0.5208333333333333
0.7291666666666667
0.8333333333333333
0.41666666666666663
0.5208333333333333
0.3125
0.10416666666666666
0.10416666666666666
0.10416666666666666
0.10416666666666666
0.10416666666666666
0.10416666666666666
0.10416666666666666
0.10416666666666666
0.3125
0.7291666666666667
0.8333333333333333
0.3125
0.41666666666666663
0.7291666666666667
0.9375
0.7291666666666667
0.10416666666666666
0.10416666666666666
0.10416666666666666
0.10416666666666666
0.20833333333333331
0.10416666666666666
0.10416666666666666
0.10416666666666666
0.10416666666666666
0.10416666666666666
0.10416666666666666
0.41666666666666663
0.5208333333333333
0.625
0.41666666666666663
0.8333333333333333
0.10416666666666666
0.20833333333333331
0.10416666666666666
0.3125
0.3125
0.10416666666666666
0.10416666666666666
0.10416666666666666
0.41666666666666663
0.41666666666666663
0.5208333333333333
0.9375
0.16666666666666666
0.1875
0.19791666666666666
0.28125
0.3333333333333333
0.25
0.22916666666666666
0.19791666666666666
0.2604166666666667
0.36458333333333337
0.41666666666666663
0.41666666666666663
0.40625
0.3854166666666667
0.4375
0.4479166666666667
0.4895833333333333
0.5208333333333334
0.5625
0.5520833333333333
0.6458333333333334
0.65625
0.59375
0.6458333333333334
0.5729166666666666
0.6354166666666666
0.6666666666666666
0.5416666666666667
0.5416666666666667
0.5625
0.625
0.65625
0.5520833333333333
0.65625
0.6770833333333333
0.8854166666666667
0.9479166666666666
0.9166666666666666
0.7291666666666667
0.5833333333333334
0.4791666666666667
0.4895833333333333
0.4375
0.42708333333333337
0.5104166666666666
0.4375
0.3958333333333333
0.375
0.2916666666666667
0.23958333333333334
0.1875
0.28125
0.3333333333333333
0.3333333333333333
0.375
0.3958333333333333
0.4583333333333333
0.5
0.41666666666666663
0.4375
0.3958333333333333
0.35416666666666663
0.3229166666666667
0.34375
0.3020833333333333
0.27083333333333337
0.1875
0.23958333333333334
0.28125
0.3125
0.2916666666666667
0.27083333333333337
0.21875
0.1875
0.20833333333333331
0.23958333333333334
0.21875
0.20833333333333331
0.25
0.27083333333333337
0.2916666666666667
0.22916666666666666
0.17708333333333331
0.15625
0.14583333333333334
0.21875
0.1875
0.28125
0.34375
0.34375
0.375
0.375
0.35416666666666663
0.3020833333333333
0.27083333333333337
0.25
0.14583333333333334
0.11458333333333333
0.7291666666666667
0.8333333333333333
0.9375
0.11458333333333333
0.23958333333333334
0.2604166666666667
0.28125
0.28125
0.2604166666666667
0.23958333333333334
0.20833333333333331
0.16666666666666666
0.1875
0.21875
0.27083333333333337
0.22916666666666666
0.28125
0.25
0.2604166666666667
0.20833333333333331
0.17708333333333331
0.16666666666666666
0.1875
0.15625
0.125
0.13541666666666669
0.125
0.41666666666666663
0.41666666666666663
0.41666666666666663
0.41666666666666663
0.7291666666666667
0.7291666666666667
0.10416666666666666
0.14583333333333334
0.11458333333333333
0.10416666666666666
0.17708333333333331
0.23958333333333334
0.25
0.21875
0.14583333333333334
0.22916666666666666
0.23958333333333334
0.20833333333333331
0.14583333333333334
0.14583333333333334
0.13541666666666669
0.21875
0.25
0.21875
0.14583333333333334
0.125
0.19791666666666666
0.25
0.22916666666666666
0.27083333333333337
0.3020833333333333
0.3125
0.28125
0.19791666666666666
0.17708333333333331
0.15625
0.25
0.21875
0.23958333333333334
0.28125
0.3229166666666667
0.3229166666666667
0.3333333333333333
0.2604166666666667
0.23958333333333334
0.17708333333333331
0.15625
0.125
0.10416666666666666
0.9375
0.41666666666666663
0.20833333333333331
0.10416666666666666
0.20833333333333331
0.20833333333333331
0.20833333333333331
0.3125
0.3125
0.10416666666666666
0.20833333333333331
0.625
0.5208333333333333
0.5208333333333333
0.3125
0.625
0.5208333333333333
0.11458333333333333
0.125
0.10416666666666666
0.13541666666666669
0.10416666666666666
0.10416666666666666
0.14583333333333334
0.1875
0.19791666666666666
0.25
0.2604166666666667
0.25
0.2916666666666667
0.2916666666666667
0.28125
0.25
0.22916666666666666
0.23958333333333334
0.23958333333333334
0.27083333333333337
0.2916666666666667
0.2916666666666667
0.27083333333333337
0.25
0.28125
0.35416666666666663
0.28125
0.34375
0.3020833333333333
0.2604166666666667
0.3020833333333333
0.3333333333333333
